#Potential Sites 
I = 10 

#Clients
J = 24 

#Demand
w = [222 209 267 223 227 237 257 283 238 208 232 234 210 223 215 287 225 271 292 274 262 246 232 288] #Vector size of |J| 

c = [[ 22.4,  44.7,  44.7,  51. ,  56.6,  22.4,  56.6,  64. ,  42.4, 53.9,  50. ,  28.3,  10. ,  56.6,  22.4,  50.,  78.1,  51. ,44.7,  58.3,  41.2,  36.1,  53.9,  58.3],
     [ 44.7,  10. ,  72.8,  85.4,  10. ,  31.6,  80.6, 113.1,  10. , 51. ,  14.1,  60.8,  44.7,  70. ,  70.7,  80. ,  31.6,  98.5, 50. , 108.2,  40. ,  63.2,  14.1,  22.4],
     [ 72.8,  56.6, 102. , 110.5,  44.7,  41.2,  44.7, 117. ,  42.4, 94.3,  36.1,  44.7,  50. , 107.7,  80.6,  50. ,  50. ,  86. , 89.4, 103. ,  80.6,  92.2,  64. ,  31.6],
     [ 80.6, 114. ,  70.7,  60. , 127.3,  92.2,  90.6,  10. , 113.1, 104.4, 120.4,  76.2,  78.1,  90.6,  50. , 80.6, 148.7,  40. , 94.9,  20. ,  98.5,  72.8, 122.1, 128.1],
     [ 14.1,  41.2,  22.4,  36.1,  60.8,  44.7,  92.2,  76.2,  50. , 20. ,  60. ,  64. ,  42.4,  22.4,  40. ,  86. ,  82.5,  80.6, 10. ,  80.6,  14.1,  14.1,  44.7,  70. ],
     [ 28.3,  10. ,  53.9,  67.1,  30. ,  31.6,  85.4, 100. ,  22.4, 31.6,  31.6,  60.8,  40. ,  50. ,  58.3,  82.5,  51. ,  92.2, 30. ,  98.5,  20. ,  44.7,  14.1,  41.2],
     [ 36.1,  70.7,  31.6,  28.3,  86. ,  53.9,  76.2,  36.1,  72.1, 60.8,  80.6,  51. ,  41.2,  51. ,  10. ,  67.1, 108.2,  44.7, 51. ,  40. ,  53.9,  30. ,  78.1,  89.4],
     [ 51. ,  72.8,  64. ,  64. ,  80.6,  44.7,  41.2,  51. ,  67.1, 82.5,  72.1,  22.4,  31.6,  80.6,  28.3,  31.6, 100. ,  22.4, 72.8,  36.1,  70.7,  58.3,  82.5,  78.1],
     [ 40. ,  36.1,  50. ,  64. ,  53.9,  58.3, 111.8, 107.7,  50. , 14.1,  58.3,  85.4,  63.2,  36.1,  70.7, 107.7,  70.7, 110. , 22.4, 111.8,  20. ,  44.7,  31.6,  67.1],
     [ 78.1,  76.2, 103. , 107.7,  70.7,  50. ,  14.1, 100.5,  63.2, 106.3,  60.8,  31.6,  50. , 114. ,  72.8,  22.4,  80.6,  63.2, 99. ,  82.5,  92.2,  94.3,  85.4,  60. ]] #Array size (|I|,|J|)

#Distance between plants
d = [[ 0.  ,  5.  ,  6.  ,  7.07,  3.61,  4.12,  3.16,  3.  ,  6.08, 5.83],
     [ 5.  ,  0.  ,  5.  , 12.04,  5.1 ,  2.  ,  7.81,  7.62,  4.47, 7.28],
     [ 6.  ,  5.  ,  0.  , 12.08,  8.54,  6.4 ,  9.06,  6.71,  9.22, 3.16],
     [ 7.07, 12.04, 12.08,  0.  ,  8.54, 10.82,  4.47,  5.39, 11.7 ,10.2 ],
     [ 3.61,  5.1 ,  8.54,  8.54,  0.  ,  3.16,  4.12,  6.32,  3.16, 9.22],
     [ 4.12,  2.  ,  6.4 , 10.82,  3.16,  0.  ,  6.4 ,  7.07,  2.83, 8.06],
     [ 3.16,  7.81,  9.06,  4.47,  4.12,  6.4 ,  0.  ,  3.61,  7.28, 8.25],
     [ 3.  ,  7.62,  6.71,  5.39,  6.32,  7.07,  3.61,  0.  ,  9.06, 5.  ],
     [ 6.08,  4.47,  9.22, 11.7 ,  3.16,  2.83,  7.28,  9.06,  0.  ,10.82],
     [ 5.83,  7.28,  3.16, 10.2 ,  9.22,  8.06,  8.25,  5.  , 10.82, 0.  ]] #Array size (|I|,|I|)

#Threshold
s = 5

#Open plants for the leader
r = 2

#Open plants for the follower
p = 2



